0
0
50
50
new
50
0
50
50
new
100
0
50
50
new
150
0
50
50
new
200
0
50
50
new
250
0
50
50
new
300
0
50
50
new
350
0
50
50
new
400
0
50
50
new
450
0
50
150
new
500
0
50
150
new
550
0
50
150
new
600
0
50
150
new
650
0
50
50
new
700
0
200
50
new
900
0
150
50
new
1050
0
100
50
new
1150
0
50
50
new
1200
0
50
50
new
1250
0
50
50
new
1300
0
50
50
new
1350
0
50
50
new
1400
0
50
50
new
1450
0
50
50
new
1500
0
50
50
new
1550
0
50
50
new
1600
0
50
50
new
1650
0
50
50
new
1700
0
50
50
new
1750
0
50
50
new
1800
0
50
50
new
1850
0
50
50
new
1900
0
50
50
new
1950
0
50
100
new
2000
0
50
100
new
2050
0
50
100
new
2100
0
50
150
new
2150
0
50
50
new
2200
0
50
50
new
2250
0
50
50
new
2300
0
50
50
new
2350
0
50
50
new
2400
0
50
50
new
2450
0
50
50
new
2500
0
50
50
new
2550
0
50
50
new
2600
0
50
50
new
2650
0
50
50
new
2700
0
50
50
new
2750
0
50
50
new
2800
0
50
50
new
2850
0
50
50
new
2900
0
50
50
new
2950
0
50
50
new
3000
0
50
50
new
3050
0
50
50
new
3100
0
50
50
new
3150
0
50
50
new
3200
0
50
50
new
3250
0
50
50
new
3300
0
50
50
new
3350
0
50
50
new
3400
0
50
50
new
3450
0
50
50
new
3500
0
50
50
new
3550
0
50
50
new
3600
0
50
50
new
3650
0
50
50
new
3700
0
50
50
new
3750
0
60
60
new
3810
0
150
150
new
3960
0
50
50
new
4010
0
50
50
new
4060
0
150
150
new
4210
0
50
50
new
4260
0
50
50
new
4310
0
50
50
new
4360
0
50
50
new
4410
0
50
50
new
4460
0
50
50
new
4510
0
50
50
new
4560
0
50
50
new
4610
0
50
50
new
4660
0
50
50
new
4710
0
50
150
new
4760
0
50
150
new
4810
0
50
50
new
4860
0
50
100
new
4910
0
50
150
new
4960
0
50
50
new
5010
0
50
50
new
5060
0
50
50
new
5110
0
50
50
new
5160
0
50
50
new
5210
0
50
50
new
5260
0
50
50
new
5310
0
150
50
new
5460
0
200
50
new
5660
0
50
50
new
5710
0
50
50
new
5760
0
50
50
new
5810
0
50
50
new
5860
0
50
50
new
5910
0
50
50
new
5960
0
50
50
new
6010
0
50
50
new
6060
0
50
50
new
6110
0
50
50
new
6160
0
50
50
new
6210
0
50
50
new
6260
0
50
50
new
6310
0
50
50
new
6360
0
50
50
new
6410
0
50
50
new
6460
0
50
50
new
6510
0
50
50
new
6560
0
50
100
new
6610
0
50
150
new
6660
0
50
100
new
6710
0
150
100
new
6860
0
50
50
new
6910
0
50
50
new
6960
0
50
150
new
7010
0
50
150
new
7060
0
50
50
new
7110
0
50
50
new
7160
0
50
50
new
7210
0
50
50
new
7260
0
50
50
new
7310
0
50
50
new
7360
0
50
50
new
7410
0
50
50
new
7460
0
50
50
new
7510
0
50
50
new
7560
0
50
150
new
7610
0
50
150
new
7660
0
50
50
new
7710
0
50
50
new
7760
0
50
50
new
7810
0
60
60
new
7870
0
50
50
new
7920
0
50
150
new
7970
0
50
50
new
8020
0
50
50
new
8070
0
150
100
new
8220
0
50
50
new
8270
0
50
50
new
8320
0
50
50
new
8370
0
50
50
new
8420
0
50
50
new
8470
0
50
50
new
8520
0
50
50
new
8570
0
50
50
new
8620
0
50
50
new
8670
0
50
50
new
8720
0
50
50
new
8770
0
50
50
new
8820
0
50
50
new
8870
0
50
50
new
8920
0
50
50
new
8970
0
50
50
new
9020
0
50
50
new
9070
0
50
50
new
9120
0
50
50
new
9170
0
50
50
new
9220
0
50
50
new
9270
0
50
50
new
9320
0
50
50
new
