1
210
600
0.000000
0
new
1
240
600
0.000000
0
new
1
300
600
0.000000
0
new
1
270
600
0.000000
0
new
1
330
600
0.000000
0
new
7
210
630
0.000000
0
new
7
330
630
0.000000
0
new
5
300
630
0.000000
0
new
5
270
630
0.000000
0
new
5
240
630
0.000000
0
new
9
360
630
0.000000
0
new
9
390
630
0.000000
0
new
1
450
570
0.000000
0
new
1
420
570
0.000000
0
new
1
480
570
0.000000
0
new
1
510
570
0.000000
0
new
1
540
570
0.000000
0
new
1
570
570
0.000000
0
new
1
600
570
0.000000
0
new
7
420
600
0.000000
0
new
7
420
630
0.000000
0
new
7
600
600
0.000000
0
new
7
600
630
0.000000
0
new
7
510
600
0.000000
0
new
7
510
630
0.000000
0
new
5
450
600
0.000000
0
new
5
480
600
0.000000
0
new
5
480
630
0.000000
0
new
5
450
630
0.000000
0
new
5
540
630
0.000000
0
new
5
570
600
0.000000
0
new
5
570
630
0.000000
0
new
5
540
600
0.000000
0
new
8
540
540
0.000000
0
new
8
510
540
0.000000
0
new
8
570
540
0.000000
0
new
8
750
630
0.000000
0
new
8
780
630
0.000000
0
new
